Date,Value,Open,Close,High,Low
01/06/21,3215755116.0,13.48,13.48,13.56,13.46
02/06/21,925889904.0,13.48,13.48,13.5,13.46
03/06/21,1956805658.0,13.5,13.1,13.5,12.68
04/06/21,301505780.0,13.1,13.4,13.42,13.1
07/06/21,107596098.0,13.4,13.46,13.48,13.38
08/06/21,132596134.0,13.46,13.46,13.48,13.38
09/06/21,395501156.0,13.46,13.7,13.76,13.42
10/06/21,332593100.0,13.78,13.92,14.16,13.74
11/06/21,87118870.0,13.92,14.04,14.1,13.8
14/06/21,166249346.0,14.1,14.68,14.7,14.06
15/06/21,199090818.0,14.66,14.66,14.76,14.42
16/06/21,144383876.0,14.7,14.74,14.76,14.5
17/06/21,126083214.0,14.76,14.6,14.78,14.42
18/06/21,46002452.0,14.6,14.3,14.66,14.3
21/06/21,53414982.0,14.3,14.5,14.54,14.3
22/06/21,155515888.0,14.48,14.58,14.58,14.32
23/06/21,149883804.0,14.58,14.74,14.76,14.52
24/06/21,471663576.0,14.76,15.34,15.6,14.76
25/06/21,338775236.0,15.6,15.34,15.98,15.24
28/06/21,64331354.0,15.5,15.6,15.8,15.5
29/06/21,369807684.0,15.62,16.04,16.08,15.62
30/06/21,495712002.0,16.12,16.52,16.8,16.12
01/07/21,642162224.0,16.68,17.0,17.0,16.52
02/07/21,188686396.0,16.86,17.0,17.16,16.84
05/07/21,232876312.0,17.0,16.88,17.12,16.74
06/07/21,218282364.0,16.9,16.44,17.0,16.3
07/07/21,134475846.0,16.5,16.2,16.58,16.18
08/07/21,167557576.0,16.2,16.7,16.7,16.2
09/07/21,279879050.0,16.7,17.0,17.06,16.4
12/07/21,85519166.0,16.9,16.92,17.02,16.8
13/07/21,167510072.0,16.92,16.64,16.94,16.42
14/07/21,118279840.0,16.64,16.34,16.64,16.24
15/07/21,104011926.0,16.36,16.4,16.6,16.22
16/07/21,301356876.0,16.48,15.68,16.56,15.56
19/07/21,550134530.0,15.68,15.18,15.68,14.42
21/07/21,213839342.0,15.1,15.02,15.1,14.66
22/07/21,108784616.0,15.02,15.26,15.52,15.02
23/07/21,119258314.0,15.38,15.0,15.4,14.88
26/07/21,69785526.0,15.06,14.9,15.06,14.74
27/07/21,76647566.0,14.9,15.08,15.18,14.88
28/07/21,61382764.0,14.9,14.88,15.0,14.76
29/07/21,248642980.0,14.88,15.26,15.46,14.86
30/07/21,202743066.0,15.26,14.78,15.46,14.66
02/08/21,94755256.0,14.8,14.78,15.06,14.68
03/08/21,121669914.0,14.84,15.0,15.18,14.78
04/08/21,108561886.0,15.12,15.58,15.6,15.12
05/08/21,74438402.0,15.58,15.3,15.58,15.1
06/08/21,335374720.0,15.34,15.7,15.98,15.34
09/08/21,350601352.0,15.72,16.78,16.96,15.72
10/08/21,539661662.0,16.78,16.92,16.96,16.52
11/08/21,465857350.0,16.96,17.0,17.4,16.72
12/08/21,197124950.0,16.88,16.52,16.9,16.28
13/08/21,455261510.0,15.92,15.54,16.1,15.4
16/08/21,232083180.0,15.4,15.9,16.0,15.2
17/08/21,83512392.0,15.92,15.98,16.2,15.88
18/08/21,116770414.0,16.08,16.04,16.36,15.9
19/08/21,107878706.0,16.04,16.4,16.46,16.04
20/08/21,246741996.0,16.46,16.8,16.86,16.22
23/08/21,97074870.0,16.8,16.76,16.88,16.54
24/08/21,104849298.0,16.76,16.76,16.76,16.66
25/08/21,86957086.0,16.76,16.62,16.76,16.58
26/08/21,209077518.0,16.62,16.3,16.68,16.22
27/08/21,119315112.0,16.34,16.74,16.88,16.34
31/08/21,186085562.0,16.74,16.84,16.96,16.7
01/09/21,178478184.0,16.84,16.6,16.96,16.44
02/09/21,262399902.0,16.6,16.5,16.6,16.38
03/09/21,120811826.0,16.76,16.7,16.76,16.5
06/09/21,106884036.0,16.7,16.72,16.96,16.68
07/09/21,650788038.0,16.74,17.68,17.7,16.74
08/09/21,383873066.0,17.5,17.2,17.5,17.12
09/09/21,274265426.0,17.22,17.36,17.46,17.22
10/09/21,209217146.0,17.38,17.48,17.68,17.36
13/09/21,218655160.0,17.46,17.58,17.86,17.4
14/09/21,527480674.0,17.66,18.26,18.26,17.58
15/09/21,542506548.0,18.3,19.0,19.0,18.26
16/09/21,673198816.0,18.98,18.96,19.5,18.84
17/09/21,918824310.0,19.0,19.5,19.84,18.88
20/09/21,441447430.0,19.3,19.3,19.7,18.6
21/09/21,438018718.0,18.92,18.94,19.16,18.76
22/09/21,174413532.0,19.1,19.42,19.52,19.04
23/09/21,541089048.0,19.7,19.6,20.0,19.46
24/09/21,664790014.0,19.68,19.92,20.1,19.68
27/09/21,465113245.0,20.0,20.25,20.7,19.98
27/09/21,465113245.0,20.0,20.25,20.7,19.98
28/09/21,2183472476.0,19.3,18.62,19.34,18.62
29/09/21,1773559566.0,18.62,17.82,18.78,17.54
30/09/21,814034986.0,18.1,18.8,18.86,18.1
01/10/21,645575178.0,18.74,18.8,19.1,18.62
04/10/21,265693942.0,19.0,19.06,19.14,18.76
05/10/21,703468226.0,19.0,18.8,19.06,18.76
06/10/21,217303548.0,18.8,19.0,19.14,18.76
07/10/21,789986470.0,19.14,18.5,19.88,18.3
08/10/21,625317668.0,18.62,18.44,18.84,18.04
11/10/21,242120900.0,18.26,18.98,19.02,18.26
12/10/21,899977816.0,18.96,17.7,18.96,17.62
13/10/21,936610032.0,18.0,17.0,18.2,16.5
14/10/21,731700044.0,17.02,16.54,17.34,16.4
15/10/21,1001269532.0,16.7,16.38,16.96,16.12
18/10/21,1352277012.0,16.36,15.2,16.38,15.08
19/10/21,1129732218.0,15.28,15.14,15.98,15.08
20/10/21,792583134.0,15.78,15.52,15.78,15.32
21/10/21,518424530.0,15.76,16.58,16.64,15.6
22/10/21,230024958.0,16.62,16.2,16.72,16.14
25/10/21,159737604.0,16.18,16.24,16.66,16.0
26/10/21,171956158.0,16.38,16.34,16.48,16.22
27/10/21,249474890.0,16.44,16.34,16.64,16.32
28/10/21,173882376.0,16.42,16.4,16.62,16.36
29/10/21,152101026.0,16.4,16.1,16.48,16.02
02/11/21,189930408.0,16.24,16.24,16.52,16.04
03/11/21,223013902.0,16.24,16.18,16.56,16.18
04/11/21,140338836.0,16.2,16.26,16.34,16.16
05/11/21,215834786.0,16.3,16.44,16.48,16.3
08/11/21,199918468.0,16.36,16.42,16.48,16.36
09/11/21,649399274.0,16.42,16.88,16.96,16.4
10/11/21,416628806.0,17.0,16.88,17.28,16.82
11/11/21,411522682.0,17.1,16.6,17.18,16.5
12/11/21,2040684610.0,17.6,16.96,17.8,16.64
15/11/21,981458270.0,17.2,17.38,17.6,17.12
16/11/21,848705994.0,17.48,17.64,17.76,17.4
17/11/21,990982890.0,17.74,18.12,18.18,17.7
18/11/21,829317052.0,18.2,17.84,18.2,17.36
19/11/21,606467812.0,17.96,18.08,18.12,17.6
22/11/21,1298826214.0,18.2,18.62,18.68,18.14
23/11/21,1258831070.0,18.7,18.98,19.1,18.62
24/11/21,1825052210.0,19.0,18.02,19.02,17.92
25/11/21,981114462.0,17.9,17.9,18.08,17.42
26/11/21,1311036314.0,18.06,17.6,18.34,17.6
29/11/21,5645176022.0,17.0,17.02,17.78,16.72
01/12/21,1017827130.0,17.64,17.0,17.64,16.9
02/12/21,650783046.0,16.88,16.76,16.94,16.56
02/12/21,650783046.0,16.88,16.76,16.94,16.56
03/12/21,610292058.0,16.94,16.72,16.96,16.62
06/12/21,228710074.0,16.78,16.5,16.94,16.5
07/12/21,738928852.0,16.54,15.8,16.6,15.74
09/12/21,327166942.0,15.86,15.96,16.18,15.84
10/12/21,324043608.0,16.1,16.0,16.1,15.9
13/12/21,906121164.0,16.14,16.12,16.32,16.0
13/12/21,906121164.0,16.14,16.12,16.32,16.0
14/12/21,863316602.0,16.28,16.1,16.34,16.08
15/12/21,963568464.0,16.1,15.6,16.28,15.6
15/12/21,963568464.0,16.1,15.6,16.28,15.6
15/12/21,963568464.0,16.1,15.6,16.28,15.6
16/12/21,369910704.0,15.64,16.0,16.04,15.64
17/12/21,4417753218.0,15.94,15.32,16.0,15.32
20/12/21,232930546.0,15.54,15.9,15.94,15.34
21/12/21,91347478.0,15.88,15.84,15.9,15.62
22/12/21,66603234.0,15.84,15.9,16.02,15.7
23/12/21,214608930.0,15.98,15.98,16.18,15.94
23/12/21,214608930.0,15.98,15.98,16.18,15.94
24/12/21,58209192.0,16.0,15.86,16.1,15.86
27/12/21,40247672.0,15.84,15.88,16.0,15.84
28/12/21,175519482.0,15.84,15.6,15.86,15.4
29/12/21,73777370.0,15.6,15.6,15.68,15.46
31/12/21,213453092.0,15.58,16.2,16.2,15.46
03/01/22,51650144.0,15.82,15.7,15.96,15.64
05/01/22,210613260.0,15.98,16.0,16.0,15.76
06/01/22,180184682.0,15.96,16.22,16.26,15.88
07/01/22,273176420.0,16.22,16.0,16.26,15.82
10/01/22,151775112.0,16.0,15.92,16.14,15.92
11/01/22,248037430.0,15.94,15.68,16.02,15.64
12/01/22,84270700.0,15.78,15.9,16.04,15.7
13/01/22,444535698.0,16.0,16.58,16.72,15.98
14/01/22,269586508.0,16.7,17.18,17.18,16.58
17/01/22,282903714.0,17.02,17.24,17.42,16.98
18/01/22,203352650.0,17.14,16.7,17.22,16.7
19/01/22,234195462.0,16.7,16.58,16.7,16.42
20/01/22,214264484.0,16.24,16.24,16.8,16.22
21/01/22,216991922.0,16.3,16.5,16.66,16.3
24/01/22,288204808.0,16.78,16.64,16.8,16.42
25/01/22,252823620.0,16.66,16.8,16.8,16.6
26/01/22,116862440.0,16.82,16.74,16.96,16.72
27/01/22,139253562.0,16.8,16.68,16.9,16.66
27/01/22,139253562.0,16.8,16.68,16.9,16.66
27/01/22,139253562.0,16.8,16.68,16.9,16.66
28/01/22,222510832.0,16.7,16.26,16.86,16.26
31/01/22,329677018.0,16.26,16.38,16.48,16.26
31/01/22,329677018.0,16.26,16.38,16.48,16.26
02/02/22,232297598.0,16.5,16.56,16.8,16.44
02/02/22,232297598.0,16.5,16.56,16.8,16.44
03/02/22,293346550.0,16.54,16.0,16.54,16.0
03/02/22,293346550.0,16.54,16.0,16.54,16.0
04/02/22,298591782.0,16.0,16.06,16.08,15.64
04/02/22,298591782.0,16.0,16.06,16.08,15.64
07/02/22,742766474.0,16.38,15.6,16.4,15.54
07/02/22,742766474.0,16.38,15.6,16.4,15.54
08/02/22,379980236.0,15.82,15.74,15.92,15.6
09/02/22,511244818.0,15.8,16.26,16.46,15.78
10/02/22,672448014.0,16.24,16.2,16.26,15.72
11/02/22,5026030088.0,16.22,18.16,18.16,16.0
14/02/22,1206173628.0,16.36,17.0,17.0,16.34
15/02/22,257206740.0,16.9,16.5,16.9,16.14
16/02/22,313152248.0,16.7,16.92,16.98,16.42
17/02/22,114333982.0,16.92,16.5,16.92,16.5
18/02/22,120235480.0,16.5,16.06,16.5,16.06
21/02/22,292803698.0,16.1,15.52,16.24,15.52
21/02/22,292803698.0,16.1,15.52,16.24,15.52
21/02/22,292803698.0,16.1,15.52,16.24,15.52
22/02/22,179022238.0,15.52,15.48,15.8,15.44
23/02/22,209556046.0,15.5,15.8,15.8,15.2
24/02/22,298034812.0,15.8,14.8,15.84,14.8
24/02/22,298034812.0,15.8,14.8,15.84,14.8
28/02/22,452668558.0,14.9,16.52,16.52,14.9
01/03/22,246065484.0,15.74,15.7,15.88,15.6
02/03/22,143199994.0,15.68,15.14,15.68,15.14
03/03/22,227999588.0,15.4,14.84,15.5,14.84
04/03/22,254731190.0,14.92,14.76,15.0,14.7
04/03/22,254731190.0,14.92,14.76,15.0,14.7
07/03/22,151318938.0,14.74,14.48,14.74,14.36
08/03/22,181517988.0,14.4,13.8,14.4,13.8
09/03/22,126283608.0,13.8,13.5,14.18,13.5
10/03/22,140270798.0,14.16,14.3,14.66,13.76
11/03/22,63557202.0,14.3,14.7,14.7,14.24
14/03/22,89264022.0,14.68,14.4,14.68,13.9
15/03/22,192647788.0,14.3,15.5,15.5,13.8
16/03/22,125002358.0,15.44,15.4,15.44,14.7
17/03/22,126150218.0,15.1,15.08,15.48,15.04
18/03/22,995296902.0,15.2,14.34,15.34,14.22
21/03/22,280210852.0,14.3,13.7,14.34,13.68
22/03/22,315325272.0,13.9,13.48,13.98,13.42
23/03/22,100758652.0,13.6,13.42,13.7,13.42
24/03/22,106087534.0,13.5,13.5,13.68,13.42
25/03/22,94213764.0,13.42,13.5,13.72,13.4
28/03/22,52770200.0,13.5,13.5,13.68,13.42
29/03/22,93705854.0,13.5,13.74,13.74,13.44
30/03/22,154554068.0,13.82,13.88,14.02,13.78
31/03/22,175869610.0,13.9,13.7,13.94,13.6
01/04/22,97261412.0,13.7,13.6,13.72,13.52
04/04/22,84799408.0,13.6,13.38,13.68,13.36
05/04/22,61738624.0,13.36,13.28,13.38,13.22
06/04/22,110265744.0,13.3,13.06,13.3,12.88
07/04/22,63259678.0,13.18,12.92,13.2,12.92
08/04/22,28877980.0,12.94,13.12,13.12,12.94
11/04/22,77216960.0,13.12,12.8,13.26,12.8
11/04/22,77216960.0,13.12,12.8,13.26,12.8
12/04/22,101854422.0,12.8,12.7,12.84,12.62
12/04/22,101854422.0,12.8,12.7,12.84,12.62
13/04/22,114092038.0,12.68,13.32,13.32,12.64
18/04/22,23740806.0,13.3,13.32,13.32,13.04
18/04/22,23740806.0,13.3,13.32,13.32,13.04
19/04/22,88442368.0,13.32,13.66,13.66,13.32
20/04/22,65705110.0,13.6,13.78,13.78,13.52
21/04/22,39150788.0,13.72,13.54,13.72,13.48
22/04/22,42352188.0,13.4,13.1,13.5,13.0
25/04/22,115996220.0,13.1,12.74,13.1,12.74
26/04/22,80307150.0,12.84,13.1,13.2,12.84
26/04/22,80307150.0,12.84,13.1,13.2,12.84
27/04/22,32002530.0,13.1,13.28,13.28,12.8
28/04/22,101382956.0,13.2,13.28,13.44,12.94
28/04/22,101382956.0,13.2,13.28,13.44,12.94
29/04/22,59072766.0,13.3,12.98,13.3,12.9
02/05/22,71716432.0,12.9,13.4,13.4,12.9
04/05/22,231950646.0,13.3,13.9,13.9,13.14
05/05/22,131765360.0,13.9,13.88,14.14,13.84
05/05/22,131765360.0,13.9,13.88,14.14,13.84
06/05/22,97546110.0,13.74,13.38,13.8,13.34
06/05/22,97546110.0,13.74,13.38,13.8,13.34
10/05/22,154837688.0,13.1,13.4,13.64,12.8
11/05/22,94353284.0,13.3,13.34,13.64,13.1
11/05/22,94353284.0,13.3,13.34,13.64,13.1
12/05/22,188050230.0,13.2,13.6,13.6,13.1
12/05/22,188050230.0,13.2,13.6,13.6,13.1
13/05/22,1148346984.0,14.0,14.36,14.46,13.86
16/05/22,310265518.0,13.9,14.32,14.34,13.9
17/05/22,379593510.0,14.32,14.6,14.64,14.08
18/05/22,273606342.0,14.6,14.94,14.94,14.5
19/05/22,456460032.0,14.66,15.7,15.72,14.36
20/05/22,400066630.0,15.6,15.98,15.98,15.26
23/05/22,254582738.0,15.7,15.92,16.04,15.52
24/05/22,260332378.0,15.9,15.92,16.14,15.64
25/05/22,137177806.0,15.9,16.02,16.04,15.62
26/05/22,427019944.0,15.96,16.46,16.46,15.82
26/05/22,427019944.0,15.96,16.46,16.46,15.82
27/05/22,401044490.0,16.4,16.68,16.68,16.32
27/05/22,401044490.0,16.4,16.68,16.68,16.32
30/05/22,271018258.0,16.4,15.8,16.58,15.8
31/05/22,3042331200.0,15.68,14.8,15.82,14.8
31/05/22,3042331200.0,15.68,14.8,15.82,14.8
01/06/22,340911442.0,14.5,14.34,14.74,14.06
01/06/22,340911442.0,14.5,14.34,14.74,14.06
02/06/22,166576554.0,14.34,13.98,14.34,13.9
03/06/22,104442556.0,14.04,14.5,14.54,13.7
06/06/22,100007450.0,14.5,14.2,14.6,14.18
06/06/22,100007450.0,14.5,14.2,14.6,14.18
06/06/22,100007450.0,14.5,14.2,14.6,14.18
07/06/22,130088380.0,14.22,13.8,14.48,13.8
08/06/22,141987762.0,13.84,14.0,14.18,13.82
08/06/22,141987762.0,13.84,14.0,14.18,13.82
09/06/22,117255024.0,14.0,15.0,15.0,13.94
10/06/22,91783254.0,14.6,14.5,14.7,14.32
13/06/22,128407474.0,14.2,14.6,14.6,14.02
14/06/22,109752900.0,14.12,14.1,14.24,13.84
14/06/22,109752900.0,14.12,14.1,14.24,13.84
15/06/22,64144666.0,13.9,14.04,14.12,13.9
16/06/22,57710940.0,14.04,14.0,14.06,13.7
17/06/22,143785622.0,13.7,13.36,13.8,13.36
20/06/22,18792712.0,13.4,13.18,13.48,13.04
21/06/22,29582846.0,13.18,13.44,13.48,13.14
22/06/22,58556878.0,13.44,13.4,13.5,13.22
23/06/22,91139698.0,13.24,12.8,13.44,12.76
24/06/22,61537736.0,12.8,12.84,13.06,12.62
27/06/22,95648506.0,12.84,12.98,13.38,12.82
28/06/22,101144922.0,13.0,13.08,13.14,12.64
29/06/22,205577484.0,13.0,13.18,13.7,12.9
30/06/22,257742972.0,13.44,13.0,13.48,12.7
01/07/22,29111700.0,13.0,13.04,13.3,12.88
04/07/22,95759122.0,13.12,13.2,13.46,13.06
05/07/22,133009506.0,13.22,13.9,13.9,13.22
06/07/22,108421124.0,13.98,14.4,14.4,13.9
06/07/22,108421124.0,13.98,14.4,14.4,13.9
06/07/22,108421124.0,13.98,14.4,14.4,13.9
07/07/22,265602924.0,14.4,13.36,14.4,12.94
07/07/22,265602924.0,14.4,13.36,14.4,12.94
08/07/22,191408822.0,13.0,13.04,13.46,12.88
11/07/22,51824366.0,13.04,13.38,13.38,13.0
11/07/22,51824366.0,13.04,13.38,13.38,13.0
12/07/22,135464936.0,13.38,13.52,14.0,13.38
12/07/22,135464936.0,13.38,13.52,14.0,13.38
13/07/22,202711368.0,13.52,13.94,14.2,13.52
14/07/22,47730368.0,13.84,13.96,14.0,13.62
14/07/22,47730368.0,13.84,13.96,14.0,13.62
15/07/22,165356718.0,13.98,14.1,14.2,13.9
18/07/22,36474400.0,14.1,14.02,14.2,13.52
19/07/22,64850648.0,13.78,13.9,14.0,13.7
20/07/22,64318768.0,13.88,14.0,14.16,13.72
21/07/22,52913844.0,14.0,14.22,14.22,13.7
22/07/22,66114058.0,14.22,14.38,14.38,13.8
25/07/22,70170572.0,14.14,14.34,14.64,14.14
26/07/22,41257774.0,14.34,14.14,14.4,14.02
27/07/22,41703288.0,14.18,14.5,14.5,13.9
28/07/22,57242312.0,14.48,14.44,14.56,14.38
29/07/22,80121524.0,14.34,14.24,14.34,14.12
01/08/22,74795066.0,14.12,14.6,14.6,14.04
02/08/22,146252514.0,14.6,15.0,15.0,14.36
02/08/22,146252514.0,14.6,15.0,15.0,14.36
03/08/22,77652576.0,14.88,15.1,15.26,14.82
04/08/22,79031478.0,15.1,15.5,15.5,14.98
04/08/22,79031478.0,15.1,15.5,15.5,14.98
05/08/22,326475690.0,15.48,15.8,15.8,15.06
08/08/22,310974948.0,15.74,16.12,16.12,15.66
09/08/22,185830430.0,16.14,16.08,16.32,15.94
10/08/22,117847868.0,16.0,16.16,16.16,15.64
11/08/22,178686594.0,15.8,16.3,16.3,15.8
12/08/22,205840648.0,16.3,16.36,16.44,16.26
15/08/22,47670330.0,16.36,16.28,16.36,16.1
16/08/22,118055608.0,16.26,16.48,16.48,16.0
17/08/22,122319498.0,16.4,16.22,16.4,16.18
17/08/22,122319498.0,16.4,16.22,16.4,16.18
18/08/22,126456914.0,16.14,16.36,16.36,16.14
19/08/22,137625314.0,16.3,16.3,16.32,16.18
22/08/22,74650276.0,16.3,16.2,16.34,16.16
23/08/22,68283348.0,16.2,16.2,16.2,16.02
24/08/22,106334058.0,16.04,15.86,16.2,15.68
25/08/22,39316546.0,15.8,16.08,16.1,15.68
25/08/22,39316546.0,15.8,16.08,16.1,15.68
26/08/22,67419856.0,15.88,16.0,16.1,15.84
26/08/22,67419856.0,15.88,16.0,16.1,15.84
30/08/22,275000398.0,15.9,16.42,16.48,15.86
31/08/22,383164002.0,16.38,16.5,16.5,16.2
01/09/22,213112528.0,16.3,16.48,16.54,16.24
02/09/22,128660476.0,16.44,16.16,16.44,16.06
02/09/22,128660476.0,16.44,16.16,16.44,16.06
02/09/22,128660476.0,16.44,16.16,16.44,16.06
05/09/22,26550108.0,16.16,16.08,16.16,15.86
05/09/22,26550108.0,16.16,16.08,16.16,15.86
06/09/22,89476466.0,15.88,16.12,16.14,15.88
07/09/22,70829538.0,16.12,15.9,16.38,15.9
08/09/22,130317046.0,15.88,16.12,16.2,15.86
09/09/22,102870052.0,16.18,16.08,16.18,15.88
12/09/22,57141390.0,16.02,15.96,16.08,15.82
13/09/22,73871048.0,15.94,15.5,15.96,15.34
14/09/22,171579088.0,15.4,15.0,15.4,14.8
15/09/22,182315926.0,15.0,14.5,15.0,14.46
16/09/22,903251732.0,14.6,13.86,14.6,13.86
19/09/22,115946686.0,13.9,14.0,14.04,13.7
20/09/22,65116352.0,14.2,13.88,14.2,13.88
21/09/22,121346258.0,13.88,13.5,13.96,13.5
22/09/22,157839118.0,13.5,12.96,13.54,12.9
22/09/22,157839118.0,13.5,12.96,13.54,12.9
23/09/22,76972716.0,13.04,13.36,13.36,13.04
27/09/22,105678758.0,13.28,12.96,13.3,12.84
28/09/22,93268832.0,12.94,12.52,13.08,12.52
29/09/22,117921594.0,12.64,12.56,12.88,12.42
30/09/22,131084640.0,12.42,12.18,12.5,12.02
03/10/22,63208694.0,12.18,12.0,12.18,11.8
04/10/22,68630228.0,12.28,12.42,12.56,12.1
05/10/22,66341436.0,12.6,12.98,12.98,12.54
06/10/22,44216430.0,12.98,12.1,12.98,12.1
07/10/22,33348088.0,12.3,12.52,12.64,12.12
10/10/22,23318164.0,12.5,12.18,12.5,12.18
11/10/22,80423798.0,12.2,11.72,12.4,11.4
12/10/22,99047548.0,12.16,11.7,12.16,11.7
13/10/22,77493370.0,11.8,11.7,12.0,11.7
14/10/22,71634828.0,11.86,11.5,12.0,11.5
17/10/22,71027360.0,11.5,11.08,11.58,11.06
17/10/22,71027360.0,11.5,11.08,11.58,11.06
18/10/22,27070832.0,11.2,11.4,11.46,11.1
18/10/22,27070832.0,11.2,11.4,11.46,11.1
19/10/22,32749578.0,11.4,11.58,11.6,11.36
19/10/22,32749578.0,11.4,11.58,11.6,11.36
20/10/22,65920400.0,11.58,11.1,11.58,11.08
21/10/22,82773050.0,11.18,11.1,11.3,11.08
25/10/22,158338.0,11.34,11.2,11.34,11.2
25/10/22,158338.0,11.34,11.2,11.34,11.2
25/10/22,158338.0,11.34,11.2,11.34,11.2
26/10/22,13618302.0,11.5,11.6,11.7,11.4
26/10/22,13618302.0,11.5,11.6,11.7,11.4
27/10/22,45768914.0,11.82,12.5,12.5,11.82
28/10/22,50725340.0,12.48,11.68,12.5,11.68
28/10/22,50725340.0,12.48,11.68,12.5,11.68
02/11/22,70831830.0,11.84,11.8,11.9,11.7
03/11/22,41118248.0,11.8,11.7,11.8,11.32
04/11/22,39060644.0,11.68,11.5,11.68,11.28
07/11/22,28673642.0,11.5,11.92,11.92,11.5
08/11/22,49370490.0,11.92,12.02,12.14,11.78
09/11/22,61115216.0,12.02,12.0,12.24,11.94
10/11/22,42835202.0,11.9,11.94,11.96,11.3
11/11/22,45205186.0,12.04,11.82,12.36,11.7
11/11/22,45205186.0,12.04,11.82,12.36,11.7
14/11/22,26338830.0,12.08,11.7,12.08,11.7
15/11/22,47755128.0,11.7,12.2,12.2,11.62
15/11/22,47755128.0,11.7,12.2,12.2,11.62
16/11/22,159004684.0,12.28,12.0,12.28,11.8
16/11/22,159004684.0,12.28,12.0,12.28,11.8
17/11/22,32954360.0,12.0,12.32,12.32,11.94
18/11/22,144059936.0,12.38,12.72,12.96,12.3
21/11/22,65440076.0,12.72,12.8,12.88,12.6
22/11/22,72353600.0,12.8,12.74,12.86,12.62
23/11/22,56935756.0,12.86,12.8,12.9,12.72
24/11/22,53856418.0,12.8,12.6,12.96,12.52
25/11/22,42638922.0,12.6,12.6,12.74,12.3
28/11/22,120612606.0,12.6,12.92,13.2,12.6
29/11/22,140341450.0,12.9,12.64,12.9,12.52
01/12/22,56818528.0,13.2,12.7,13.2,12.66
02/12/22,64998756.0,12.7,11.9,12.8,11.82
05/12/22,111759246.0,12.04,12.0,12.3,11.9
06/12/22,183139306.0,12.0,11.58,12.0,11.54
07/12/22,89944968.0,11.64,11.38,11.64,11.38
07/12/22,89944968.0,11.64,11.38,11.64,11.38
09/12/22,89037278.0,11.38,11.24,11.62,11.24
09/12/22,89037278.0,11.38,11.24,11.62,11.24
12/12/22,60418336.0,11.38,11.1,11.48,11.1
13/12/22,56380664.0,11.24,11.24,11.4,11.16
14/12/22,102512598.0,11.4,11.4,11.52,11.26
15/12/22,60082220.0,11.4,11.1,11.46,11.1
16/12/22,132231280.0,11.1,11.3,11.3,11.0
19/12/22,49878460.0,11.3,11.2,11.3,11.1
20/12/22,12815786.0,11.16,11.14,11.3,11.12
21/12/22,58474332.0,11.14,11.06,11.26,11.0
22/12/22,125726998.0,11.1,11.3,11.54,11.1
23/12/22,151015092.0,11.38,11.7,11.76,11.02
27/12/22,124715812.0,11.7,11.66,11.76,11.32
28/12/22,67362280.0,11.6,11.32,11.6,11.28
29/12/22,172037162.0,11.46,11.08,11.5,11.08
29/12/22,172037162.0,11.46,11.08,11.5,11.08
03/01/23,102429800.0,11.1,11.92,11.96,11.1
03/01/23,102429800.0,11.1,11.92,11.96,11.1
04/01/23,142038636.0,11.9,12.42,12.46,11.72
05/01/23,105200434.0,12.4,12.64,12.64,12.04
06/01/23,129229772.0,12.5,12.36,12.52,12.14
09/01/23,70101322.0,12.48,12.48,12.48,12.24
10/01/23,78723648.0,12.42,12.3,12.82,12.3
11/01/23,162462392.0,12.3,12.96,12.96,12.3
12/01/23,158362046.0,12.9,13.38,13.38,12.66
13/01/23,337021242.0,13.3,13.82,13.86,13.12
13/01/23,337021242.0,13.3,13.82,13.86,13.12
16/01/23,204221304.0,13.82,14.26,14.46,13.62
16/01/23,204221304.0,13.82,14.26,14.46,13.62
17/01/23,96184464.0,14.1,14.04,14.1,13.62
18/01/23,121178932.0,13.9,14.86,14.86,13.86
19/01/23,191182200.0,14.6,14.8,14.92,14.42
19/01/23,191182200.0,14.6,14.8,14.92,14.42
19/01/23,191182200.0,14.6,14.8,14.92,14.42
20/01/23,82608708.0,14.66,14.4,14.74,14.32
20/01/23,82608708.0,14.66,14.4,14.74,14.32
23/01/23,24915002.0,14.22,14.48,14.5,14.0
24/01/23,28933572.0,14.32,13.96,14.64,13.96
25/01/23,25748598.0,14.4,14.3,14.48,13.98
26/01/23,33991346.0,14.14,13.94,14.28,13.9
27/01/23,63846176.0,13.94,13.7,13.94,13.62
30/01/23,66993790.0,13.7,13.44,13.7,13.24
31/01/23,166825336.0,13.22,13.2,13.3,12.72
01/02/23,163826386.0,13.1,13.84,13.84,12.94
02/02/23,100412648.0,13.76,13.52,13.76,13.3
03/02/23,110822034.0,13.54,13.3,13.54,13.08
06/02/23,90754756.0,13.3,12.86,13.4,12.84
07/02/23,111153648.0,12.88,12.32,12.98,12.32
08/02/23,108457990.0,12.6,12.72,12.88,12.4
09/02/23,124967158.0,12.72,12.24,12.72,12.22
10/02/23,95293956.0,12.3,12.26,12.5,12.24
13/02/23,79454208.0,12.26,12.42,12.58,12.24
14/02/23,49144826.0,12.42,12.3,12.42,12.26
14/02/23,49144826.0,12.42,12.3,12.42,12.26
15/02/23,52260446.0,12.3,12.24,12.36,12.2
16/02/23,93399252.0,12.36,12.16,12.38,12.16
17/02/23,80613598.0,12.14,11.98,12.14,11.84
20/02/23,36178284.0,12.0,12.0,12.16,11.82
21/02/23,14455652.0,12.06,11.9,12.1,11.9
21/02/23,14455652.0,12.06,11.9,12.1,11.9
22/02/23,51634480.0,11.9,11.8,12.04,11.8
23/02/23,36251300.0,11.8,11.7,11.9,11.62
27/02/23,113210188.0,11.7,11.2,11.7,11.14
28/02/23,163462594.0,11.24,12.06,12.06,11.24
01/03/23,67856478.0,11.9,11.44,11.98,11.4
01/03/23,67856478.0,11.9,11.44,11.98,11.4
02/03/23,78340882.0,11.7,11.8,11.96,11.46
03/03/23,49800254.0,11.8,11.64,11.94,11.62
03/03/23,49800254.0,11.8,11.64,11.94,11.62
06/03/23,44921154.0,11.66,11.56,11.9,11.54
06/03/23,44921154.0,11.66,11.56,11.9,11.54
07/03/23,57018978.0,11.76,11.76,11.8,11.56
08/03/23,70896254.0,11.76,11.84,11.84,11.54
09/03/23,33582204.0,11.84,11.5,11.84,11.5
09/03/23,33582204.0,11.84,11.5,11.84,11.5
10/03/23,33023232.0,11.54,11.46,11.56,11.32
13/03/23,33723404.0,11.34,11.26,11.66,11.26
14/03/23,31722546.0,11.46,11.14,11.46,11.12
15/03/23,57374168.0,11.18,11.3,11.38,11.0
16/03/23,18570806.0,11.3,11.3,11.3,11.02
16/03/23,18570806.0,11.3,11.3,11.3,11.02
17/03/23,36579414.0,11.28,11.3,11.42,11.22
20/03/23,9063082.0,11.3,11.3,11.38,11.14
21/03/23,8441192.0,11.4,11.22,11.44,11.18
21/03/23,8441192.0,11.4,11.22,11.44,11.18
22/03/23,33090926.0,11.4,11.2,11.4,11.2
23/03/23,47208338.0,11.26,11.06,11.26,11.06
24/03/23,32347982.0,11.08,11.34,11.34,11.08
24/03/23,32347982.0,11.08,11.34,11.34,11.08
27/03/23,21121122.0,11.34,11.32,11.34,11.14
28/03/23,12566956.0,11.2,11.28,11.3,11.2
29/03/23,33360682.0,11.28,11.24,11.28,11.18
30/03/23,68034204.0,11.24,11.06,11.38,11.06
31/03/23,423186760.0,10.8,9.81,10.8,9.81
03/04/23,408107809.0,9.81,9.0,9.81,8.65
04/04/23,137332676.0,9.01,9.12,9.33,9.0
05/04/23,85625317.0,9.15,9.22,9.28,9.14
11/04/23,109284282.0,9.3,9.35,9.47,9.27
12/04/23,79882139.0,9.35,9.45,9.53,9.31
13/04/23,88843207.0,9.44,9.26,9.44,9.23
13/04/23,88843207.0,9.44,9.26,9.44,9.23
14/04/23,44441220.0,9.22,9.35,9.35,9.22
14/04/23,44441220.0,9.22,9.35,9.35,9.22
17/04/23,95279385.0,9.33,9.35,9.35,9.14
18/04/23,59226525.0,9.35,9.34,9.37,9.25
19/04/23,48015016.0,9.35,9.25,9.35,9.2
20/04/23,149052008.0,9.26,9.43,9.48,9.25
24/04/23,54789633.0,9.5,9.35,9.5,9.3
25/04/23,82110801.0,9.39,9.6,9.6,9.22
26/04/23,53381196.0,9.55,9.15,9.55,9.15
27/04/23,42938416.0,9.16,9.25,9.38,9.16
28/04/23,79637288.0,9.26,9.35,9.48,9.26
02/05/23,66628213.0,9.36,9.52,9.55,9.35
03/05/23,52222249.0,9.52,9.53,9.58,9.5
04/05/23,122966531.0,9.53,9.95,10.1,9.47
05/05/23,29867068.0,9.94,10.32,10.4,9.94
05/05/23,29867068.0,9.94,10.32,10.4,9.94
05/05/23,29867068.0,9.94,10.32,10.4,9.94
08/05/23,116913465.0,10.34,9.85,10.36,9.85
09/05/23,43985653.0,9.84,9.5,9.9,9.41
10/05/23,61858424.0,9.46,9.4,9.49,9.2
11/05/23,94982087.0,9.4,9.32,9.76,9.25
12/05/23,525338315.0,8.5,8.55,8.58,8.0
15/05/23,125791176.0,8.55,8.44,8.6,8.4
16/05/23,81399498.0,8.44,8.79,8.79,8.43
17/05/23,124586224.0,8.79,8.88,8.94,8.7
18/05/23,110766799.0,8.89,8.76,8.98,8.75
19/05/23,59991473.0,8.76,8.86,8.98,8.76
22/05/23,57980821.0,8.83,8.6,8.83,8.5
23/05/23,123848716.0,8.55,8.54,8.63,8.51
24/05/23,83278503.0,8.55,8.56,8.7,8.5
25/05/23,49414725.0,8.52,8.5,8.66,8.5
26/05/23,67834243.0,8.58,8.76,8.88,8.5
29/05/23,45538354.0,8.76,8.52,8.77,8.5
30/05/23,210740359.0,8.52,8.2,8.55,8.12
31/05/23,4405951552.0,8.15,8.1,8.33,8.05
01/06/23,371435973.0,8.2,7.98,8.24,7.93
02/06/23,182171549.0,8.0,7.85,8.09,7.65
02/06/23,182171549.0,8.0,7.85,8.09,7.65
05/06/23,127303433.0,7.9,8.2,8.36,7.9
06/06/23,96844807.0,8.24,8.12,8.28,8.03
07/06/23,89815303.0,8.2,8.35,8.42,8.2
08/06/23,60805879.0,8.33,8.25,8.38,8.18
09/06/23,55541379.0,8.38,8.3,8.38,8.23
13/06/23,65008142.0,8.3,8.12,8.3,8.1
14/06/23,87500367.0,8.12,8.16,8.2,7.98
15/06/23,66683504.0,8.17,8.31,8.31,8.0
16/06/23,94350589.0,8.3,8.59,8.59,8.2
19/06/23,71865622.0,8.49,8.21,8.57,8.15
20/06/23,38001605.0,8.3,8.3,8.4,8.2
21/06/23,187093853.0,8.3,7.99,8.4,7.75
21/06/23,187093853.0,8.3,7.99,8.4,7.75
22/06/23,167624458.0,7.99,7.4,7.99,7.31
23/06/23,27614510.0,7.4,7.6,7.6,7.38
26/06/23,139071222.0,7.79,8.1,8.18,7.79
26/06/23,139071222.0,7.79,8.1,8.18,7.79
27/06/23,50451577.0,8.1,8.09,8.2,7.98
27/06/23,50451577.0,8.1,8.09,8.2,7.98
29/06/23,40454950.0,8.09,8.19,8.34,8.09
30/06/23,139578986.0,8.19,8.01,8.34,8.01
03/07/23,28740187.0,8.12,7.97,8.23,7.97
04/07/23,59955851.0,8.05,7.94,8.09,7.83
05/07/23,65541522.0,7.94,7.83,7.94,7.76
06/07/23,47351325.0,7.9,8.0,8.04,7.86
07/07/23,42352013.0,8.0,8.2,8.22,8.0
07/07/23,42352013.0,8.0,8.2,8.22,8.0
10/07/23,44640130.0,8.19,8.18,8.23,8.05
11/07/23,30269576.0,8.19,8.13,8.2,8.1
12/07/23,97149294.0,8.15,8.41,8.41,8.12
13/07/23,135231014.0,8.44,8.8,8.87,8.43
14/07/23,53455322.0,8.8,8.93,8.93,8.72
17/07/23,32287745.0,8.93,8.8,8.93,8.66
18/07/23,45113311.0,8.8,8.35,8.81,8.35
19/07/23,37333398.0,8.41,8.72,8.74,8.4
20/07/23,29873595.0,8.71,8.72,8.73,8.62
21/07/23,44455661.0,8.72,8.9,9.02,8.72
24/07/23,29305772.0,8.9,8.61,9.02,8.6
25/07/23,28760017.0,8.61,8.7,8.77,8.46
26/07/23,18602519.0,8.7,8.7,8.72,8.46
27/07/23,4934889.0,8.67,8.58,8.7,8.56
28/07/23,35898794.0,8.58,8.3,8.58,8.3
31/07/23,28244425.0,8.21,8.19,8.32,8.16
01/08/23,9020548.0,8.2,8.25,8.3,8.19
02/08/23,23342452.0,8.31,8.2,8.31,8.2
03/08/23,8482765.0,8.2,8.24,8.29,8.2
04/08/23,265477.0,8.29,8.29,8.3,8.29
07/08/23,19256003.0,8.0,8.0,8.06,7.89
08/08/23,19689841.0,8.05,8.1,8.12,8.02
09/08/23,84445067.0,8.1,7.9,8.13,7.83
10/08/23,116437395.0,7.95,7.56,7.95,7.54
11/08/23,24992930.0,7.63,7.58,7.75,7.56
11/08/23,24992930.0,7.63,7.58,7.75,7.56
14/08/23,112269394.0,7.56,7.29,7.6,7.05
15/08/23,120191247.0,7.29,6.85,7.29,6.83
16/08/23,156162065.0,6.9,6.71,7.08,6.63
17/08/23,26011463.0,6.92,6.83,6.95,6.75
18/08/23,124454279.0,6.85,6.45,6.87,6.42
22/08/23,108458205.0,6.46,6.18,6.49,6.12
23/08/23,63273292.0,6.18,6.74,6.77,6.1
24/08/23,31866392.0,6.7,6.7,6.85,6.53
25/08/23,26418130.0,6.72,6.6,6.72,6.45
29/08/23,67029975.0,6.61,7.05,7.05,6.6
30/08/23,96435166.0,7.1,7.35,7.35,7.09
31/08/23,98771654.0,7.35,7.2,7.45,6.98
01/09/23,23675626.0,7.2,6.91,7.2,6.86
04/09/23,24155500.0,6.95,7.19,7.2,6.92
05/09/23,87065101.0,7.2,7.5,7.57,7.2
06/09/23,52466994.0,7.5,7.6,7.6,7.31
06/09/23,52466994.0,7.5,7.6,7.6,7.31
07/09/23,45366271.0,7.55,7.8,7.88,7.45
07/09/23,45366271.0,7.55,7.8,7.88,7.45
08/09/23,36786503.0,7.8,7.9,7.9,7.62
11/09/23,118368563.0,7.9,8.28,8.28,7.8
12/09/23,136092060.0,8.26,8.46,8.58,8.2
13/09/23,48195202.0,8.46,8.38,8.55,8.26
14/09/23,25882272.0,8.38,8.4,8.4,8.14
15/09/23,69742261.0,8.4,8.3,8.4,8.2
18/09/23,35773871.0,8.4,8.33,8.5,8.32
19/09/23,45583083.0,8.35,8.13,8.35,7.96
20/09/23,67647933.0,8.13,8.44,8.44,7.95
21/09/23,91198236.0,8.43,8.81,8.82,8.3
22/09/23,158952449.0,8.81,9.17,9.18,8.7
25/09/23,29427632.0,9.18,9.15,9.18,9.0
26/09/23,86042200.0,9.15,9.43,9.46,9.01
27/09/23,102782916.0,9.31,9.75,9.89,9.31
28/09/23,47978661.0,9.7,9.6,9.74,9.46
29/09/23,91196679.0,9.5,9.03,9.5,9.03
02/10/23,27989703.0,9.03,8.78,9.03,8.75
02/10/23,27989703.0,9.03,8.78,9.03,8.75
03/10/23,78385057.0,8.76,9.19,9.2,8.75
04/10/23,38439030.0,9.18,9.26,9.35,9.05
05/10/23,52537407.0,9.26,8.89,9.26,8.85
06/10/23,40017889.0,8.9,8.94,9.0,8.62
09/10/23,49153303.0,8.94,9.15,9.15,8.8
10/10/23,55912033.0,9.15,8.81,9.15,8.81
11/10/23,22517811.0,8.88,8.65,8.96,8.65
11/10/23,22517811.0,8.88,8.65,8.96,8.65
11/10/23,22517811.0,8.88,8.65,8.96,8.65
12/10/23,17701143.0,8.65,8.59,8.78,8.56
13/10/23,31842202.0,8.56,8.59,8.61,8.52
16/10/23,108400528.0,8.58,8.25,8.58,8.1
17/10/23,87971234.0,8.25,8.33,8.33,8.2
18/10/23,46467178.0,8.3,8.8,8.81,8.3
19/10/23,26814225.0,8.7,8.7,8.8,8.55
20/10/23,26051623.0,8.57,8.45,8.57,8.37
23/10/23,20912204.0,8.46,8.28,8.5,8.18
23/10/23,20912204.0,8.46,8.28,8.5,8.18
24/10/23,12352475.0,8.22,8.18,8.32,8.15
25/10/23,22381234.0,8.18,8.15,8.37,8.05
26/10/23,43376600.0,8.2,8.28,8.28,8.02
27/10/23,63941731.0,8.3,8.51,8.59,8.12
31/10/23,33760884.0,8.5,8.2,8.5,8.18
03/11/23,95444273.0,8.25,7.9,8.3,7.9
06/11/23,45115563.0,7.93,7.81,7.94,7.7
07/11/23,36714285.0,7.81,7.9,7.97,7.81
07/11/23,36714285.0,7.81,7.9,7.97,7.81
08/11/23,35400372.0,7.86,7.9,7.95,7.83
09/11/23,86192218.0,7.91,8.27,8.27,7.9
10/11/23,25335246.0,8.25,8.38,8.38,8.14
13/11/23,20806872.0,8.37,8.25,8.52,8.22
13/11/23,20806872.0,8.37,8.25,8.52,8.22
14/11/23,25107049.0,8.22,8.19,8.35,7.86
14/11/23,25107049.0,8.22,8.19,8.35,7.86
15/11/23,50093867.0,8.19,8.25,8.35,8.14
16/11/23,22864206.0,8.25,7.98,8.35,7.96
17/11/23,80838075.0,7.97,7.91,8.01,7.88
20/11/23,91686697.0,7.91,7.75,8.01,7.74
21/11/23,92301786.0,7.78,7.82,7.84,7.66
22/11/23,47778425.0,7.81,8.19,8.2,7.76
23/11/23,63262645.0,8.19,8.48,8.48,8.11
24/11/23,15842927.0,8.48,8.35,8.48,8.33
28/11/23,24641195.0,8.36,8.3,8.4,8.17
29/11/23,23334631.0,8.3,8.04,8.3,8.03
30/11/23,14919264.0,8.06,8.35,8.38,8.03
01/12/23,19730608.0,8.39,8.21,8.42,8.2
04/12/23,28380140.0,8.21,8.17,8.33,8.12
05/12/23,35990833.0,8.16,8.3,8.3,8.06
06/12/23,16893492.0,8.35,8.2,8.36,8.07
07/12/23,36616608.0,8.2,8.04,8.2,8.02
11/12/23,30359141.0,8.06,8.0,8.1,7.8
12/12/23,11116332.0,8.0,8.0,8.11,7.95
13/12/23,27954900.0,7.82,7.99,8.05,7.82
14/12/23,113048388.0,8.02,8.0,8.09,7.9
15/12/23,70536676.0,8.05,8.1,8.25,7.92
18/12/23,41295803.0,8.1,7.93,8.1,7.93
19/12/23,65942961.0,8.05,7.85,8.05,7.81
20/12/23,69161684.0,7.85,7.95,8.0,7.83
21/12/23,14535636.0,7.95,8.05,8.1,7.83
22/12/23,42888763.0,8.14,8.37,8.37,7.99
27/12/23,22789540.0,8.37,8.15,8.37,8.13
28/12/23,27883653.0,8.16,8.32,8.35,8.16
29/12/23,14166275.0,8.3,8.38,8.39,8.28
02/01/24,80017490.0,8.37,8.45,8.52,8.3
03/01/24,32256086.0,8.5,8.55,8.61,8.4
04/01/24,34882457.0,8.5,8.57,8.69,8.41
05/01/24,35839655.0,8.59,8.52,8.61,8.48
08/01/24,37275377.0,8.55,8.69,8.76,8.55
09/01/24,14206173.0,8.69,8.68,8.88,8.68
10/01/24,37807372.0,8.68,8.5,8.78,8.32
11/01/24,28734138.0,8.5,8.63,8.7,8.44
12/01/24,14914238.0,8.63,8.41,8.7,8.41
15/01/24,16751537.0,8.5,8.36,8.5,8.36
16/01/24,18053721.0,8.36,8.28,8.5,8.28
17/01/24,40381887.0,8.27,8.08,8.44,8.03
18/01/24,11486841.0,8.09,8.1,8.33,8.02
19/01/24,34537735.0,8.2,8.15,8.29,8.12
22/01/24,15945409.0,8.17,8.3,8.3,8.17
23/01/24,133544208.0,8.37,8.55,8.6,8.36
24/01/24,64529546.0,8.56,8.58,8.6,8.53
25/01/24,61851181.0,8.6,8.6,8.67,8.58
26/01/24,9963787.0,8.63,8.43,8.63,8.41
29/01/24,24570573.0,8.48,8.34,8.48,8.3
30/01/24,57341055.0,8.43,8.68,8.68,8.41
31/01/24,67138848.0,8.7,8.81,8.87,8.62
01/02/24,24517547.0,8.77,8.78,8.82,8.6
02/02/24,336305763.0,8.82,9.42,9.51,8.8
05/02/24,104364354.0,9.38,9.54,9.57,9.3
06/02/24,91172880.0,9.58,9.64,9.65,9.38
07/02/24,80002983.0,9.6,9.68,9.82,9.6
08/02/24,193963763.0,9.8,9.95,10.1,9.68
12/02/24,118967780.0,9.95,9.95,9.99,9.61
13/02/24,139141059.0,9.97,10.36,10.38,9.88
14/02/24,199776046.0,10.36,10.36,10.42,10.2
15/02/24,159470528.0,10.3,10.6,10.6,10.3
16/02/24,211159136.0,10.62,10.82,10.88,10.6
19/02/24,110000556.0,10.8,10.48,10.84,10.3
20/02/24,67957878.0,10.4,10.16,10.5,10.12
21/02/24,19061132.0,10.16,10.14,10.36,10.14
22/02/24,19319334.0,10.14,10.34,10.54,10.14
23/02/24,26560638.0,10.4,10.24,10.74,10.22
26/02/24,37500242.0,10.38,10.48,10.48,10.0
27/02/24,51219090.0,10.26,10.4,10.48,10.26
28/02/24,30082404.0,10.4,10.2,10.44,10.06
29/02/24,20594318.0,10.2,10.0,10.34,10.0
01/03/24,9913512.0,10.02,10.08,10.2,10.02
01/03/24,9913512.0,10.02,10.08,10.2,10.02
04/03/24,21246574.0,10.08,10.44,10.44,10.06
04/03/24,21246574.0,10.08,10.44,10.44,10.06
05/03/24,47456480.0,10.44,10.36,10.46,10.28
06/03/24,73880687.0,10.2,9.97,10.32,9.97
07/03/24,30291356.0,9.95,9.9,10.0,9.77
07/03/24,30291356.0,9.95,9.9,10.0,9.77
08/03/24,15024028.0,9.9,9.95,10.06,9.9
11/03/24,37600605.0,9.9,9.75,9.93,9.65
12/03/24,22961443.0,9.85,9.78,9.87,9.73
13/03/24,20514290.0,9.7,10.08,10.1,9.68
14/03/24,20692486.0,10.08,10.06,10.18,9.96
15/03/24,21883297.0,10.06,10.0,10.08,9.79
18/03/24,6597799.0,10.0,9.95,10.08,9.9
19/03/24,13298779.0,9.95,9.86,10.02,9.81
20/03/24,26773553.0,9.86,10.3,10.38,9.81
21/03/24,8658630.0,10.32,10.28,10.36,10.26
22/03/24,12179462.0,10.32,10.3,10.36,10.2
25/03/24,52039806.0,10.3,10.12,10.3,9.95
26/03/24,92512326.0,10.12,10.74,10.74,10.12
27/03/24,61274848.0,10.68,10.92,10.92,10.56
01/04/24,36258354.0,10.9,10.66,10.92,10.66
01/04/24,36258354.0,10.9,10.66,10.92,10.66
02/04/24,264799860.0,10.72,11.28,11.56,10.72
03/04/24,37662432.0,11.28,11.22,11.3,11.0
04/04/24,30494312.0,11.22,10.98,11.22,10.86
05/04/24,32374700.0,10.82,11.0,11.0,10.44
08/04/24,19312200.0,10.98,10.98,10.98,10.54
11/04/24,59251442.0,10.78,10.52,10.8,10.48
11/04/24,59251442.0,10.78,10.52,10.8,10.48
12/04/24,57061708.0,10.48,10.7,10.74,10.2
15/04/24,18337546.0,10.58,10.6,10.6,10.4
16/04/24,45901740.0,10.5,10.22,10.5,10.22
17/04/24,54432038.0,10.2,10.3,10.32,10.04
18/04/24,28166448.0,10.3,10.34,10.38,10.12
19/04/24,114460321.0,10.34,10.0,10.36,9.97
19/04/24,114460321.0,10.34,10.0,10.36,9.97
22/04/24,6607108.0,10.0,10.2,10.2,10.0
23/04/24,8609538.0,10.12,10.38,10.38,10.1
24/04/24,11764496.0,10.4,10.44,10.48,10.26
25/04/24,13367004.0,10.44,10.38,10.44,10.24
26/04/24,36177384.0,10.3,10.9,10.9,10.3
26/04/24,36177384.0,10.3,10.9,10.9,10.3
29/04/24,27516582.0,10.98,10.58,10.98,10.54
30/04/24,13862656.0,10.76,10.66,10.76,10.6
02/05/24,50205924.0,10.6,10.6,10.66,10.4
02/05/24,50205924.0,10.6,10.6,10.66,10.4
03/05/24,42863886.0,10.54,10.96,10.96,10.5
06/05/24,42474938.0,10.94,11.16,11.3,10.8
07/05/24,56723422.0,11.02,11.16,11.24,11.0
08/05/24,17261048.0,11.2,11.18,11.2,10.82
08/05/24,17261048.0,11.2,11.18,11.2,10.82
09/05/24,126800022.0,11.2,11.7,11.9,11.2
10/05/24,39906878.0,11.7,11.3,11.7,10.9
13/05/24,85181648.0,11.3,11.7,11.76,11.1
14/05/24,18294378.0,11.56,11.72,11.86,11.56
15/05/24,33762108.0,11.7,11.7,11.9,11.66
16/05/24,215007424.0,11.68,11.22,11.7,11.02
17/05/24,36473536.0,11.22,11.5,11.54,11.22
17/05/24,36473536.0,11.22,11.5,11.54,11.22
20/05/24,45255850.0,11.5,11.26,11.8,11.2
21/05/24,18324990.0,11.26,11.1,11.26,10.92
22/05/24,22543572.0,11.1,11.0,11.1,10.54
23/05/24,14198370.0,11.1,11.36,11.36,11.0
24/05/24,11070958.0,11.24,11.0,11.24,10.98
27/05/24,9532174.0,11.0,11.24,11.24,10.8
28/05/24,6317174.0,11.1,11.0,11.1,10.92
29/05/24,9886874.0,11.0,10.9,11.14,10.8
30/05/24,30033314.0,10.82,10.92,10.92,10.46
31/05/24,52420706.0,10.92,11.2,11.2,10.52
03/06/24,59968270.0,11.04,11.22,11.22,10.58
03/06/24,59968270.0,11.04,11.22,11.22,10.58
04/06/24,10180872.0,11.1,10.86,11.14,10.86
05/06/24,15309194.0,10.9,10.78,11.0,10.66
06/06/24,31879332.0,10.76,10.8,10.8,10.62
07/06/24,10694104.0,10.9,10.72,11.0,10.72
10/06/24,14426506.0,10.72,10.7,10.72,10.6
11/06/24,19092130.0,10.62,10.62,10.7,10.62
13/06/24,12622900.0,10.62,10.4,10.62,10.4
14/06/24,25666126.0,10.4,10.34,10.54,10.28
18/06/24,8875936.0,10.34,10.58,10.58,10.32
19/06/24,64430108.0,10.58,10.5,10.7,10.4
20/06/24,32837916.0,10.58,10.6,10.62,10.4
21/06/24,124649722.0,10.46,10.0,10.46,9.92
24/06/24,56206243.0,10.04,10.0,10.22,9.93
25/06/24,95355231.0,10.0,9.55,10.06,9.52
26/06/24,77461521.0,9.55,9.35,9.6,9.33
27/06/24,10925127.0,9.36,9.67,9.76,9.36
28/06/24,113650203.0,9.68,9.4,9.79,9.36
01/07/24,26731647.0,9.4,9.5,9.69,9.4
02/07/24,19679118.0,9.6,9.7,9.78,9.51
03/07/24,70210408.0,9.71,9.85,9.91,9.6
04/07/24,29146665.0,9.94,9.86,9.94,9.8
05/07/24,24526174.0,9.9,9.88,10.04,9.86
08/07/24,10276934.0,9.88,9.8,9.96,9.8
09/07/24,2861525.0,9.77,9.79,9.88,9.77
10/07/24,52506697.0,9.84,9.51,9.84,9.5
11/07/24,29808071.0,9.51,9.85,9.87,9.51
12/07/24,13978011.0,9.85,9.55,9.9,9.55
15/07/24,54673504.0,9.56,9.58,9.75,9.56
16/07/24,40702205.0,9.58,9.5,9.72,9.5
17/07/24,34913514.0,9.7,9.43,9.7,9.4
18/07/24,7275934.0,9.43,9.51,9.63,9.43
19/07/24,39723483.0,9.55,9.57,9.76,9.5
22/07/24,51337737.0,9.52,9.19,9.6,9.19
23/07/24,19060021.0,9.3,9.3,9.4,9.25
25/07/24,2155207.0,9.3,9.2,9.48,9.2
26/07/24,5770754.0,9.23,9.28,9.31,9.23
29/07/24,8344321.0,9.4,9.35,9.55,9.31
29/07/24,8344321.0,9.4,9.35,9.55,9.31
30/07/24,83179847.0,9.26,9.0,9.35,9.0
31/07/24,23142407.0,9.01,9.17,9.22,9.01
01/08/24,18704089.0,9.17,9.3,9.35,9.17
02/08/24,35712831.0,9.33,9.4,9.42,9.3
05/08/24,49918406.0,9.2,9.0,9.4,8.94
06/08/24,12295247.0,9.05,9.16,9.2,9.05
07/08/24,9424791.0,9.16,9.35,9.35,9.16
08/08/24,4570737.0,9.35,9.22,9.35,9.2
09/08/24,41461182.0,9.35,9.58,9.58,9.34
12/08/24,26572108.0,9.58,9.34,9.58,9.34
13/08/24,1902694.0,9.5,9.39,9.5,9.34
14/08/24,35039173.0,9.34,9.6,9.65,9.3
15/08/24,40800587.0,9.65,9.6,9.65,9.4
16/08/24,53367248.0,9.6,9.6,9.81,9.6
19/08/24,31012226.0,9.72,9.6,9.72,9.58
20/08/24,67637552.0,9.69,9.3,9.8,9.3
21/08/24,19792556.0,9.42,9.3,9.5,9.3
22/08/24,46989810.0,9.4,9.21,9.51,9.21
27/08/24,28101988.0,9.23,9.32,9.47,9.23
28/08/24,11869008.0,9.33,9.42,9.46,9.33
29/08/24,28800984.0,9.47,9.53,9.65,9.47
30/08/24,34670649.0,9.55,9.45,9.63,9.45
02/09/24,28510194.0,9.45,9.46,9.5,9.4
03/09/24,50024157.0,9.49,9.3,9.53,9.28
04/09/24,62092037.0,9.26,9.21,9.26,9.17
05/09/24,67932161.0,9.21,9.2,9.3,9.15
06/09/24,81284276.0,9.24,9.2,9.3,9.17
09/09/24,43300375.0,9.2,9.2,9.29,9.16
10/09/24,80478062.0,9.2,9.2,9.43,9.2
11/09/24,28128011.0,9.21,9.4,9.4,9.21
12/09/24,19880618.0,9.4,9.51,9.58,9.39
13/09/24,28970281.0,9.55,9.72,9.84,9.55
16/09/24,97717789.0,9.75,10.3,10.34,9.75
17/09/24,53373802.0,10.32,10.44,10.44,10.14
18/09/24,28565822.0,10.44,10.16,10.44,10.14
19/09/24,42432014.0,10.16,10.06,10.34,10.0
20/09/24,168308156.0,10.08,10.32,10.6,10.08
23/09/24,57405848.0,10.4,10.3,10.5,10.24
24/09/24,64778640.0,10.38,10.0,10.4,10.0
25/09/24,30748435.0,10.16,9.99,10.18,9.93
26/09/24,42430844.0,10.0,10.34,10.42,10.0
27/09/24,32103212.0,10.38,10.34,10.5,10.14
30/09/24,48184676.0,10.34,10.18,10.38,10.14
01/10/24,47697370.0,10.26,10.22,10.42,10.22
02/10/24,41716748.0,10.24,10.12,10.24,10.1
03/10/24,16546254.0,10.24,10.14,10.42,10.14
04/10/24,187910064.0,10.16,10.8,10.8,10.16
07/10/24,93789004.0,10.8,10.94,11.02,10.78
08/10/24,39396348.0,10.9,10.6,10.9,10.6
09/10/24,82596484.0,10.7,10.36,10.72,10.26
10/10/24,36403450.0,10.36,10.48,10.52,10.3
11/10/24,57965016.0,10.52,10.34,10.52,10.08
14/10/24,18380266.0,10.34,10.3,10.56,10.3
15/10/24,17252894.0,10.3,10.6,10.6,10.3
16/10/24,73742486.0,10.6,10.7,10.7,10.4
17/10/24,18641614.0,10.72,10.44,10.82,10.44
18/10/24,20752550.0,10.52,10.56,10.64,10.5
21/10/24,14581042.0,10.62,10.66,10.76,10.62
22/10/24,273606330.0,10.72,11.08,11.08,10.7
23/10/24,194514864.0,11.14,11.5,11.58,11.14
24/10/24,48846342.0,11.42,11.2,11.42,11.14
25/10/24,85547988.0,11.2,11.0,11.38,10.9
28/10/24,63844434.0,11.0,10.9,11.0,10.78
29/10/24,16396512.0,10.9,10.92,10.96,10.7
30/10/24,40290030.0,10.92,11.0,11.0,10.84
31/10/24,11612416.0,11.0,10.9,11.08,10.84
04/11/24,18378188.0,10.9,10.92,10.98,10.86
05/11/24,44864468.0,10.86,10.88,11.04,10.78
06/11/24,32739782.0,10.88,10.88,11.0,10.8
07/11/24,40865104.0,10.88,10.56,10.88,10.24
08/11/24,16377622.0,10.6,10.58,10.6,10.24
11/11/24,9232892.0,10.48,10.3,10.48,10.24
12/11/24,65173012.0,10.3,9.75,10.3,9.6
13/11/24,15410569.0,9.75,9.7,9.75,9.41
14/11/24,28689299.0,9.7,9.18,9.75,9.1
15/11/24,40075115.0,9.17,9.87,9.87,9.11
18/11/24,30053346.0,9.79,9.9,9.9,9.61
18/11/24,30053346.0,9.79,9.9,9.9,9.61
19/11/24,14497967.0,9.9,9.9,9.9,9.72
20/11/24,20801308.0,9.9,9.9,9.95,9.75
21/11/24,26829968.0,9.9,9.75,9.9,9.73
22/11/24,27399279.0,9.75,9.6,9.79,9.58
25/11/24,35632559.0,9.6,9.4,9.63,9.4
26/11/24,5626010.0,9.4,9.53,9.75,9.4
27/11/24,13173289.0,9.59,9.18,9.59,9.18
28/11/24,29786635.0,9.18,9.0,9.19,8.98
29/11/24,88540633.0,9.06,9.26,9.33,9.0
02/12/24,55722954.0,9.26,9.2,9.26,9.13
03/12/24,9372700.0,9.3,9.2,9.3,9.15
04/12/24,55098409.0,9.18,8.99,9.19,8.8
05/12/24,26172770.0,9.0,9.0,9.02,8.75
06/12/24,28550649.0,9.0,8.76,9.0,8.76
09/12/24,14416310.0,8.77,8.91,9.0,8.77
10/12/24,109093446.0,8.92,8.5,8.92,8.4
11/12/24,23271606.0,8.73,8.46,8.73,8.46
12/12/24,30242783.0,8.46,8.4,8.67,8.4
13/12/24,33362012.0,8.4,8.26,8.4,8.16
16/12/24,62018063.0,8.26,8.0,8.35,7.95
17/12/24,253533039.0,8.0,7.4,8.16,7.32
18/12/24,45274546.0,7.41,7.1,7.57,7.07
19/12/24,44406766.0,7.19,7.08,7.33,7.02
20/12/24,33956311.0,7.12,7.76,7.76,7.12
23/12/24,17573706.0,7.51,8.08,8.08,7.51
26/12/24,9535242.0,8.21,8.15,8.35,8.0
27/12/24,27725264.0,8.23,8.6,8.6,8.16
02/01/25,8028553.0,8.41,8.6,8.6,8.32
03/01/25,48312259.0,8.6,8.4,8.6,8.3
06/01/25,22255725.0,8.5,8.33,8.5,8.29
07/01/25,15918203.0,8.4,8.22,8.41,8.18
08/01/25,22116511.0,8.25,8.05,8.25,8.03
09/01/25,44377361.0,8.05,7.9,8.05,7.84
10/01/25,42217982.0,7.95,7.85,7.95,7.8
13/01/25,21953984.0,7.84,7.62,7.84,7.56
14/01/25,44253023.0,7.62,7.2,7.62,7.2
15/01/25,108403819.0,7.2,7.0,7.32,7.0
16/01/25,126422935.0,7.04,7.15,7.4,7.03
17/01/25,87492281.0,7.28,6.8,7.28,6.8
20/01/25,65316791.0,6.88,7.05,7.3,6.86
21/01/25,83781610.0,7.1,7.05,7.25,7.05
22/01/25,80338713.0,7.14,7.2,7.5,7.11
23/01/25,29043635.0,7.22,7.27,7.35,7.22
24/01/25,100786266.0,7.27,7.01,7.27,6.99
27/01/25,31338881.0,7.0,6.81,7.01,6.81
28/01/25,49281609.0,6.81,6.99,7.1,6.81
30/01/25,14347202.0,6.99,6.9,7.0,6.85
31/01/25,190488649.0,6.9,6.65,7.23,6.65
03/02/25,73734832.0,6.85,6.8,6.99,6.75
04/02/25,62416535.0,6.98,7.2,7.25,6.97
05/02/25,106171114.0,7.27,7.78,7.82,7.25
06/02/25,77563023.0,7.78,7.77,7.93,7.5
07/02/25,83304186.0,7.77,7.6,7.8,7.5
10/02/25,19994895.0,7.6,7.57,7.76,7.47
11/02/25,46508003.0,7.58,7.55,7.65,7.35
12/02/25,140859757.0,7.95,8.0,8.05,7.79
13/02/25,54384693.0,8.05,8.0,8.12,7.94
14/02/25,44758101.0,8.0,7.9,8.13,7.9
17/02/25,61526905.0,8.0,8.15,8.2,7.92
18/02/25,87743429.0,8.18,8.45,8.48,8.16
19/02/25,85464297.0,8.45,8.42,8.6,8.28
20/02/25,114481017.0,8.22,7.9,8.24,7.87
21/02/25,36611026.0,7.83,8.05,8.2,7.83
24/02/25,14832238.0,8.15,8.0,8.19,8.0
25/02/25,31009643.0,8.0,7.9,8.07,7.9
26/02/25,16274282.0,7.9,7.88,8.02,7.85
27/02/25,42827565.0,7.93,7.99,8.2,7.93
28/02/25,589592066.0,8.11,7.55,8.11,7.55
03/03/25,118661208.0,7.6,7.01,7.6,6.95
04/03/25,39758399.0,7.04,7.06,7.23,6.72
05/03/25,30199638.0,7.06,7.36,7.37,7.01
06/03/25,31603150.0,7.4,7.39,7.49,7.25
07/03/25,59418149.0,7.45,7.77,7.77,7.45
10/03/25,64414861.0,7.77,7.45,7.8,7.39
11/03/25,75660085.0,7.45,7.11,7.45,7.0
12/03/25,9279849.0,7.09,7.15,7.17,7.03
13/03/25,17197677.0,7.25,7.27,7.32,7.13
14/03/25,22822022.0,7.3,7.2,7.32,7.09
17/03/25,42987599.0,7.22,7.02,7.39,7.02
18/03/25,27122270.0,7.06,7.04,7.2,7.0
19/03/25,43342738.0,7.05,7.04,7.18,7.0
20/03/25,21585261.0,7.19,7.3,7.36,7.04
21/03/25,141125095.0,7.3,7.51,7.59,7.21
24/03/25,8774166.0,7.51,7.48,7.51,7.26
24/03/25,8774166.0,7.51,7.48,7.51,7.26
25/03/25,16188280.0,7.32,7.3,7.43,7.21
26/03/25,42851997.0,7.28,7.18,7.3,7.02
27/03/25,41501215.0,7.18,7.01,7.18,6.95
28/03/25,18826370.0,7.01,7.0,7.1,7.0
31/03/25,25815777.0,7.13,7.23,7.23,6.96
02/04/25,21042672.0,7.2,7.57,7.57,7.05
03/04/25,28431931.0,7.4,7.35,7.4,7.25
04/04/25,22535156.0,7.29,7.19,7.29,7.08
07/04/25,88411262.0,7.0,6.7,7.0,6.52
08/04/25,18292832.0,6.68,6.99,7.07,6.68
10/04/25,39230574.0,7.08,7.35,7.46,7.08
11/04/25,19562696.0,7.29,7.05,7.29,6.97
14/04/25,6911612.0,7.05,7.15,7.2,7.05
15/04/25,18112904.0,7.08,7.02,7.17,6.97
16/04/25,6177381.0,7.1,7.0,7.1,7.0
21/04/25,10354087.0,7.0,7.05,7.12,7.0
22/04/25,3667576.0,7.05,7.09,7.15,7.01
23/04/25,6197529.0,7.07,7.12,7.14,7.07
24/04/25,15465360.0,7.07,7.11,7.2,7.0
25/04/25,38977372.0,7.1,7.45,7.49,7.04
28/04/25,48813819.0,7.45,7.2,7.77,7.2
29/04/25,44379898.0,7.32,7.5,7.55,7.32
30/04/25,53138534.0,7.62,7.78,7.84,7.6
02/05/25,57354928.0,7.78,7.8,7.96,7.61
05/05/25,25385123.0,7.8,7.64,7.89,7.61
06/05/25,21806322.0,7.6,7.66,7.78,7.59
07/05/25,75168952.0,7.78,8.04,8.04,7.77
08/05/25,70287584.0,8.04,7.9,8.05,7.69
09/05/25,61787742.0,7.9,8.12,8.13,7.86
13/05/25,41871728.0,8.01,7.9,8.07,7.7
14/05/25,145506339.0,7.8,7.13,7.88,7.13
15/05/25,162675010.0,7.13,7.07,7.21,7.0
16/05/25,30741340.0,7.08,7.05,7.14,7.02
19/05/25,47493465.0,7.05,7.11,7.18,7.05
20/05/25,51645196.0,7.11,7.08,7.15,6.99
21/05/25,55039509.0,7.09,7.05,7.1,6.96
22/05/25,39193552.0,7.05,6.94,7.05,6.91
23/05/25,135070459.0,6.95,6.72,7.01,6.72
26/05/25,299088126.0,6.8,6.68,6.95,6.68
27/05/25,90657427.0,6.74,6.6,6.79,6.59
28/05/25,45495138.0,6.62,6.73,6.79,6.62
29/05/25,65296435.0,6.8,7.0,7.12,6.79
30/05/25,223241471.0,7.11,7.6,7.6,6.99
